10
=================
[ [ 1.8333333333333333,
    4.666666666666667,
    5.833333333333333,
    2.3333333333333335,
    6,
    3 ],
  [ 6.166666666666667,
    3.6666666666666665,
    2.8333333333333335,
    8.833333333333334,
    2,
    9 ],
  [ 1.1666666666666667,
    9.166666666666666,
    0.6666666666666666,
    -15,
    1,
    4 ],
  [ 1.3333333333333333,
    23,
    -89.33333333333333,
    98.16666666666667,
    4,
    123 ],
  [ 97.33333333333333,
    147.83333333333334,
    554.3333333333334,
    153,
    561,
    153 ],
  [ 567.6666666666666,
    153,
    63.333333333333336,
    111.33333333333333,
    44,
    123 ],
  [ 24.666666666666668,
    134.66666666666666,
    411.5,
    196.33333333333334,
    445,
    223 ],
  [ 478.5,
    249.66666666666666,
    228.33333333333334,
    239.66666666666666,
    245,
    283 ],
  [ 261.6666666666667,
    326.3333333333333,
    495,
    449.6666666666667,
    545,
    483 ] ]
=================
M1,5 C1.8333333333333333,4.666666666666667,5.833333333333333,2.3333333333333335,6,3 C6.166666666666667,3.6666666666666665,2.8333333333333335,8.833333333333334,2,9 C1.1666666666666667,9.166666666666666,0.6666666666666666,-15,1,4 C1.3333333333333333,23,-89.33333333333333,98.16666666666667,4,123 C97.33333333333333,147.83333333333334,554.3333333333334,153,561,153 C567.6666666666666,153,63.333333333333336,111.33333333333333,44,123 C24.666666666666668,134.66666666666666,411.5,196.33333333333334,445,223 C478.5,249.66666666666666,228.33333333333334,239.66666666666666,245,283 C261.6666666666667,326.3333333333333,495,449.6666666666667,545,483 
9
